10184396755892445441
10144369788319567672
5120334769715512887
7861039628807812711
14009068645188260672
3133781854666725742
12749272834376961593
105530183672655003
9447474953217907988
240078054579266939
12855068289753049141
10810911468323925254
4154098552904960940
13102263635101035770
8052450723796901613
18383831549207604186
15901149100897130002
160697121953455825
16355261430383924228
15938823701344288849
14607214779979774636
15027457383942217865
126381021939843431
2246095091099426659
4396654675268684132
6911949076115814830
3014666195311599748
7833441807390634855
13682075032490430167
1041815564411601332
7512145739911461875
7235435046565306787
17024177517180733673
13020800359896555236
10991232309649439798
9289145088208304642
9998619843382789578
4826955627302378412
16279106733421000836
8480318596068919793
189522328747159407
15036458657519569471
6254061553316777598
7266305787591573610
15109736101842552626
146777790779432170
6698540448113649779
14622808243144787010
14112479786102205585
711681475649401131
13113921576181499086
