4711088937712844447
16758945349437697461
16427990779267892127
14268738613296943624
1643013775203656625
2089994569167711968
6881253389612618168
2808020814171462839
17844018736165543040
16964689780166925204
5284478845257396191
6266667349492674945
6109120795153436416
7596205043860269064
8643210681142009800
8957117124506405327
2848909447343377458
13816360920787786535
6665876901668153606
5822382635067848783
1831631303039277562
4284916917805729691
1887885426444528808
17681332224681820828
7278638619091889006
17816088928669910930
7632257846962916030
5408121515425655962
6018853783846994942
13742535640150449207
710889666970408435
3669012012099741804
3152310777008160633
13196467706829371072
11950138798395888010
6968065099509367656
18319497668958409397
13554472532255989816
8524992839410876955
3488172373303059588
12425938841490392638
12087183664618868534
12289724817656799474
11475654397273616269
3936051037415276558
1417388541224938279
13169064429331649326
4369281945032431715
6698244684095603907
14951414589368615780
5151749439321899469
14428364212500073613
8000468184465122108
7131495531863059891
7846916267553428091
10414050119054922534
9019301938984844788
2102760404591500207
4937427351324183823
7212102094633444389
15963348375133931413
4483900305540500258
6611543574320000008
6191179621599856975
18203217153359653339
8438880297279597560
18374742652976142733
17144594190708089249
17304308290070431986
8854407864322418777
13005289086262576322
2874321919125145927
5172191514965934594
1713014507385560788
17063385996097929713
1845568361779861005
2036619239199124808
13048088867578844304
3172832776270183342
2082299295983402242
14977565291352570750
12675889467197384401
14283179154901178865
7949189304788793630
3482527084016534370
3294014152739878608
10559934580682311420
2078961475696789327
1357924432568209271
12824126025549593642
6710346754480669727
2698259938147501741
16306918233864349146
14163449566678655272
3403711702000449470
18095246098737529644
14719897903900190786
1789587288546361298
15466652912114560484
2304428389877362281
6252265074269084662
2644573890696140156
3773262742192275129
7641621396612507016
